mean_speed,max_speed,mean_aclr,mean_upaclr,max_upaclr,mean_downaclr,max_downaclr
19.6676470588235,50.4,0.489705882352941,6.81,50.4,-6.10714285714286,-44.1
10.3584905660377,27.9,0.526415094339623,3.84545454545455,17.1,-3.54375,-15.3
1.476,2.7,0.072,1.41428571428571,2.7,-1.35,-2.7
53.8344827586207,90.9,0.43448275862069,11.4146341463415,90.9,-11.627027027027,-90.9
52.6535433070866,86.4,0.0992125984251969,7.38947368421053,77.4,-7.85769230769231,-79.2
13.5367346938776,24.3,0.0183673469387755,6.45882352941176,22.5,-4.95,-22.5
48.5843626373626,90.9,0.0197802197802198,4.39928125,34.577,-3.15856818181818,-13.877
58.9053435114504,75.6,0.185496183206107,3.79830508474576,43.2,-3.50526315789474,-12.6
35.7352941176471,82.8,2.40882352941177,10.71,74.7,-10.1769230769231,-63.9
54.6406779661017,92.7,1.46440677966102,12.795652173913,92.7,-7.99615384615385,-90.9
14.4160714285714,54,0.0160714285714286,4.77391304347826,54,-4.03333333333333,-15.3
20.2864864864865,59.4,0.0121621621621622,4.865625,20.7,-4.55294117647059,-12.6
50.1376629213483,83.7,0.920224719101124,7.44486363636364,62.1,-7.44466666666667,-57.6
40.1130841121495,89.1,0.0252336448598131,13.5878048780488,89.1,-10.8705882352941,-89.1
15.1434782608696,28.8,0.665217391304348,7.875,18.9,-9.9,-17.1
56.4529471698113,98.1,0.227547169811321,8.40475384615385,83.7,-8.89929310344828,-90
59.0850625,143.11,0.07875,6.28691176470588,143.11,-5.60689189189189,-85.5
19.332,32.4,1.008,4.37142857142857,13.5,-4,-12.6
57.5281505586592,94.517,0.0175977653631285,4.76642679738562,82.82,-4.81975533333333,-85.519
56.8029850746269,92.7,0.152238805970149,5.3,81,-5.17034482758621,-83.7
51.3,77.4,0.0079295154185022,4.4191011235955,76.5,-4.20967741935484,-47.7
2.67804878048781,5.4,0.109756097560976,2.475,4.5,-1.35,-2.7
3.35060857142857,7.4216,0.102857142857143,1.64216,3.1465,-1.6027,-3.245
18.2016863876923,34.489,0.152712307692308,2.35692290232558,12.017,-4.35339927619048,-10.4533
21.489676,32.49,0.17883,3.16394,14.771,-2.92320833333333,-9.727
48.6160150993378,91.08,0.00462907284768212,4.61945476190476,21.251,-5.8687153030303,-20.628
47.5918,67.392,0.224824390243902,4.56171428571428,22.501,-4.32891,-16.525
56.5266105263158,75.564,0.00252631578947369,3.64117647058823,15.262,-5.37634782608696,-19.149
59.3393675,76.464,0.1998175,4.22171428571428,11.988,-4.24543684210526,-19.619
26.4822607142857,53.929,0.0245642857142857,4.02145185185185,11.1228,-3.69667586206897,-13.879
19.4299555555556,41.868,0.0587,3.72905,10.259,-3.89398461538462,-18.036
17.5547095454545,29.281,0.0455954545454546,2.83248578947368,25.255,-3.0673762745098,-23.474
16.8816239130435,32.271,0.404113043478261,2.76202857142857,14.902,-4.19625714285714,-12.931
1.37082643958333,4.1204,1.55591666666613e-05,0.716406785714286,1.9311,-1.002932158,-4.11943687
21.0169046153846,42.48,0.0665184615384615,4.73407878787879,17.316,-4.746903125,-12.416
17.4638321212121,38.916,0.0644469696969697,3.647393125,10.728,-3.30773764705882,-14.6043
12.8734328571429,32.94,0.0252842857142857,2.79620512820513,12.024,-3.46071290322581,-13.3953
24.8480084745763,43.128,0.0866983050847457,3.52587777777778,9.36,-2.815109375,-8.173
21.926787254902,49.898,0.0490598039215687,4.00962631578947,14.397,-4.96765777777778,-16.343
40.6676615384615,77.148,0.0503230769230769,5.316,9.7251,-7.13014545454545,-13.452
57.7560551351351,96.156,0.010587027027027,3.89885714285714,15.908,-3.75358936170213,-28.487
36.1179723577236,60.912,-1.1247495708061e-17,4.92478032786885,13.682,-4.84534838709677,-15.444
38.1215243589744,58.716,0.13025641025641,5.20140487804878,19.367,-5.48912432432432,-14.761
54.9561821428571,85.716,0.159432142857143,6.85984615384615,17.172,-5.64759333333333,-11.413
59.3407416666667,99.289,0.0161333333333334,5.09983125,22.25,-6.95533428571429,-24.84
51.8912,79.56,0.0277976744186047,4.33589393939394,20.016,-4.48544603174603,-15.66
27.1671051020408,66.384,0.000367346938775492,5.24000892857143,14.439,-6.98582142857143,-23.147
19.1234444444444,41.833,0.0312111111111111,4.83744,14.185,-5.976575,-13.706
34.5159423076923,46.872,0.144,4.97046153846154,18.0345,-4.68246153846154,-13.752
26.5052625,40.5,0.0209556818181818,3.76692173913044,8.312,-4.08176904761905,-17.856
28.5674752941176,53.748,0.000423529411764716,4.58890588235294,19.947,-4.64267857142857,-21.7875
20.417597826087,55.729,0.0232489130434783,5.68098888888889,17.856,-5.51099130434783,-19.8611
29.02564,49.212,0.041816,5.92728636363636,21.564,-4.58248214285714,-28.7986
23.5581597222222,47.088,0.00150000000000002,6.17022285714286,15.04,-5.83377837837838,-14.78
37.8926869565217,60.912,0.222613043478261,6.57490909090909,12.6328,-5.600325,-25.095
46.1632711538462,64.658,0.00484615384615385,3.30516153846154,19.765,-3.29546923076923,-17.532
48.4219795180723,72.792,0.0347963855421687,3.03087234042553,8.711,-3.98751142857143,-18.8569
37.2538428571429,66.096,0.0554734693877551,4.6014347826087,14.293,-3.96595384615385,-9.693
57.2204716981132,92.772,0.218075471698113,4.7693125,12.884,-6.71714285714286,-21.779
35.7323761538462,63.612,0.0116307692307692,5.12550857142857,18.144,-5.95456,-20.592
46.6451319047619,76.14,0.013217619047619,3.92948407079646,21.06,-4.6448,-22.284
48.6869796511628,76.609,0.0048139534883721,2.52621276595745,9.576,-3.03379487179487,-22.006
40.6913388461538,56.052,0.0167446153846154,3.42388888888889,14.9736,-3.6629712,-11.307
10.9403276595745,25.02,0.00765957446808509,3.82733157894737,14.689,-2.58426071428571,-8.2441
21.3771,38.847,0.0734466666666667,2.36593529411765,6.73,-2.92442307692308,-7.992
27.3248276595745,50.724,0.0283808510638298,2.54104583333333,7.378,-2.59353043478261,-13.005
7.81711837837838,14.868,0.0381567567567568,1.70398181818182,6.268,-2.40505333333333,-8.2766
11.6157515384615,29.845,0.0415976923076923,1.82596268656716,7.3832,-1.85606031746032,-11.1238
7.30675236842105,18.72,0.0183944736842105,3.04541333333333,15.806,-1.95574826086957,-9.2112
6.27087142857143,11.413,0.0738952380952381,2.02994,3.9245,-1.70432727272727,-4.9346
5.12302070422535,10.476,0.00866436619718311,1.10699714285714,5.903,-1.08942085714286,-3.9606
32.5323941369863,85.248,0.00484904109589041,2.0666277173913,12.025,-2.10272,-10.9641
20.6858465116279,42.912,0.000837209302325582,2.90462727272727,14.766,-3.04122857142857,-14.256
20.2090652173913,45.648,0.0305608695652174,2.82458260869565,15.553,-2.76346086956522,-9.864
11.4765936263736,25.633,0.00237362637362638,1.67062978723404,13.466,-1.77962727272727,-6.696
21.6843544502618,53.604,0.00339267015706806,2.4760141509434,11.738,-3.11677976190476,-13.9236
23.5929014356436,56.448,0.00500297029702969,2.2454035042735,8.675,-3.07884247058824,-14.581
28.6621759493671,52.164,0.0284810126582278,1.9535012195122,12.351,-2.04851447368421,-9.864
3.1452,6.7077,0.08855,1.00181818181818,3.599,-0.684215384615385,-2.7334
9.08328774193548,17.496,0.0664483870967742,1.79285866666667,7.4888,-1.655532,-5.6167
24.9743241830065,61.236,0.000235294117647056,3.84447625,18.002,-4.21263150684932,-19.08
11.6999258064516,21.169,0.387870967741935,3.31486470588235,9.7872,-3.16633571428571,-10.729
25.0833717948718,51.445,0.0389435897435898,4.689915,11.5199,-4.85681578947368,-11.6572
55.1059569444444,74.664,0.019,3.88028947368421,12.566,-4.29655882352941,-19.116
52.3569414965986,88.453,0.0307102040816327,4.33696103896104,15.948,-4.70616571428571,-27.033
36.634117826087,61.921,0.0639391304347826,4.89588441176471,19.188,-4.69705130434783,-16.883
37.8317240506329,61.848,0.0485797468354431,5.16903902439024,13.392,-5.47612631578947,-16.2862
52.2452037037037,89.245,0.0455111111111111,5.27941176470588,10.762,-8.85212,-16.234
51.5712851239669,86.256,0.0023801652892562,2.02315806451613,13.681,-2.12114915254237,-7.128
48.1165192771084,79.164,0.0546506024096386,1.76866666666667,7.991,-3.36933333333333,-11.126
49.7464363247863,75.06,0.022034188034188,1.50544444444444,8.096,-2.04205154639175,-12.383
26.9697184210526,46.872,0.0615868421052632,2.24797391304348,7.743,-3.29087333333333,-9.47
22.719591991342,46.911,0.00295692640692641,2.07778869565217,8.495,-2.09002324561403,-8.667
22.6242224489796,44.352,0.0139591836734694,4.87946,13.031,-5.05427083333333,-17.081
16.5620107142857,32.978,0.0657714285714286,3.296375,15.446,-2.35718125,-10.441
30.8141260251046,52.308,0.00662761506276151,2.57007219512195,13.428,-2.73508591304348,-19.26
27.56253234375,59.113,0.00140625,1.88595352112676,9.6481,-2.34601228070175,-13.466
9.45387152542373,22.645,0.0128715254237288,2.04722666666667,7.936,-2.09163379310345,-15.7164
10.1692992105263,24.373,0.0182228947368421,1.82995238095238,3.793,-2.21979588235294,-5.435
10.8149623376623,22.716,0.116438961038961,1.72693170731707,7.4523,-1.76681142857143,-7.2342
21.733480952381,41.904,0.0624309523809524,4.71245217391304,11.0841,-5.56654210526316,-14.932
25.6125961538462,48.024,0.0227333333333333,3.70115238095238,11.916,-4.26875555555555,-15.12
17.7821239344262,31.573,0.0107695081967213,3.21492484848485,12.062,-3.76555642857143,-10.872
23.8254648648649,50.33,0.136437837837838,5.21660952380952,13.133,-6.5312875,-17.3078
31.7468572972973,57.816,0.000972972972972956,2.65259090909091,7.561,-3.88806666666667,-12.095
41.6343904216867,62.28,0.00378740963855422,1.46696642857143,7.85,-2.10491176470588,-10.9392
56.0271506462585,79.524,0.0141452380952381,1.52181142857143,7.9557,-2.25998534482759,-16.2
32.5509384615385,55.656,0.00461538461538461,2.52981818181818,6.258,-3.46725,-10.17
35.3478130263158,52.632,0.0300815789473684,1.98659117647059,8.748,-1.55375952380952,-10.98
31.6739186567164,59.112,0.0163417910447761,1.58426318181818,6.555,-1.899825,-8.74
30.4929211111111,40.209,0.0667288888888889,1.89838461538462,18.161,-1.47894347826087,-6.39
20.4213945652174,39.536,0.0482326086956522,3.82139545454545,27.876,-3.63786666666667,-28.615
32.0214441176471,48.619,0.0679323529411765,3.92719047619048,27.813,-6.16625384615385,-34.856
45.729356122449,68.871,0.0269816326530612,3.22225490196078,49.97,-3.94367804878049,-53.319
52.7551955223881,70.112,0.103583582089552,2.83435294117647,29.129,-2.98093,-13.787
37.0419096774194,49.294,0.156812903225806,6.01933333333333,39.414,-2.46564,-7.963
22.2986846153846,32.962,0.433038461538462,2.39929090909091,23.353,-3.1477,-20.608
25.915280952381,33.629,1.07738095238095,4.01151818181818,16.45,-2.38907777777778,-9.386
34.6521739130435,41.92,0.194728260869565,1.71591304347826,21.568,-1.525425,-8.064
45.0087425742574,56.314,0.153811881188119,4.38141860465116,55.294,-3.38952941176471,-56.314
29.9237833333333,43.107,0.626027777777778,3.81468421052632,31.577,-3.121375,-28.386
33.51956,41.656,0.72,4.34271428571429,21.539,-4.75533333333333,-27.838
17.1350690140845,24.927,0.201042253521127,5.14275294117647,24.113,-4.72292941176471,-24.251
48.743738028169,66.46,0.117438028169014,5.79355555555555,65.896,-6.06757272727273,-65.425
29.6028928571429,44.651,0.0855535714285714,7.82557142857143,42.157,-7.65446428571429,-44.461
32.5793021276596,55.931,0.588659574468085,6.67864,52.356,-4.0733,-51.793
19.33924,28.257,0.65196,3.769875,27.516,-4.891,-24.655
28.706380952381,40.478,1.11904761904762,12.082375,40.308,-5.62761538461539,-37.819
25.4399807692308,33.86,0.278634615384615,4.3699375,24.26,-1.58371428571429,-19.832
20.93986,37.86,0.42176,3.60615384615385,12.075,-3.30327272727273,-17.433
29.3141111111111,35.513,0.785037037037037,2.5605,17,-1.9772,-5.745
48.8064931818182,67.538,0.204545454545455,4.68306,62.553,-4.70091951219512,-61.539
29.8532702702703,47.026,0.502027027027027,2.89986956521739,19.612,-3.43728571428571,-19.669
14.2906177777778,23.295,0.501688888888889,2.27564516129032,22.576,-3.42635714285714,-23.295
18.6654644444444,27.087,0.245333333333333,2.45118636363636,19.558,-1.94936818181818,-6.0931
53.2280543269231,88.668,0.0266899038461538,3.53562558139535,16.994,-5.70309113924051,-23.994
43.7082018181818,68.004,0.0267,3.966,8.9326,-3.3683275862069,-10.799
28.3721428571429,42.985,0.120382857142857,3.52066666666667,8.7784,-4.98004285714286,-20.0906
25.2569319587629,44.137,0.0183216494845361,3.58120384615385,11.01,-4.09878666666667,-15.984
26.2767517241379,42.991,0.106872413793103,3.98771875,9.72,-5.51856363636364,-10.899
51.3496926470588,72.217,0.0286323529411765,3.52318421052632,13.389,-4.3978,-19.585
70.8690425925926,98.677,0.060075,3.80390769230769,12.277,-5.59920697674419,-25.3359
42.2534389312977,82.62,0.0492526717557252,5.27998873239437,18.36,-6.14045166666667,-22.6254
38.4839962025316,63.544,0.226962025316456,5.37130930232558,24.7,-5.917675,-21.626
52.3836379310345,91.152,0.0409735632183908,4.87310652173913,12.214,-5.38044390243902,-27.245
48.54469975,70.2,0.02685,3.718625,10.977,-5.5108125,-25.2
54.9872862068965,73.404,0.0229741379310345,3.22678125,14.4,-3.92017307692308,-11.876
37.6750844660194,71.676,0.0115339805825243,3.74611964285714,10.545,-4.43818510638298,-15.7311
16.9688034482759,33.12,0.00868965517241382,3.68666,9.7949,-3.93199285714286,-14.94
23.6989880597015,56.448,0.026344776119403,6.68368387096774,14.226,-5.70636388888889,-13.335
59.8498552941176,95.508,0.0648223529411764,4.718978,15.87,-6.58397142857143,-34.599
41.6723645454545,69.156,0.0824781818181818,3.68512898550725,14.589,-5.98051951219512,-20.011
29.996898630137,55.656,0.0537739726027397,6.03588333333333,13.7386,-5.76665675675676,-18.97
46.1499891304348,80.426,0.0383717391304347,7.835,17.065,-7.1085375,-19.34945
59.65157,80.1,0.1989025,3.93728,12.3843,-6.03172666666667,-22.931
60.4126754716981,80.604,0.00543396226415096,3.93739393939394,10.907,-6.4823,-18.343
67.7958893939394,97.776,0.0272727272727273,4.513525,21.169,-6.87465384615385,-30.2543
51.320148,91.911,0.093736,5.36658679245283,16.519,-5.85224468085106,-22.146
56.344172,99.648,0.0417840000000001,6.6432,10.367,-9.86034,-17.384
42.7146142857143,73.224,0.0168311688311688,3.38152173913044,12.96,-4.97593548387097,-14.399
54.652261038961,83.052,0.0205922077922078,2.95286046511628,17.572,-3.68786470588235,-16.517
36.277052,59.94,0.0374426666666667,3.51717692307692,18.2175,-3.73226944444444,-9.178
25.65623,39.708,0.0957966666666666,4.88570714285714,21.2414,-4.3684,-10.332
27.7749274509804,49.213,0.0207725490196078,4.12505555555556,11.9544,-4.59654583333333,-35.3726
18.8931228070175,50.22,0.0413771929824562,3.80720344827586,11.7358,-3.85894285714286,-11.0729
28.9723683168317,64.441,0.0107227722772277,5.8752875,13.3333,-5.30058113207547,-19.026
45.3539920353982,89.928,0.102389380530973,5.14616379310345,20.847,-5.2165,-30.019
64.320674,82.512,0.42408,4.77625,13.2233,-5.11504545454545,-28.503
56.0609,100.33,0.0125698224852071,4.71905416666667,20.413,-6.17677945205479,-18.497
32.337188,64.296,0.036322,5.39291153846154,16.02,-5.76665,-17.281
33.6699827586207,51.121,0.0462448275862069,3.2104306122449,16.524,-4.03388947368421,-13.0531
23.569562962963,39.854,0.0268740740740741,3.98034482758621,10.654,-4.559152,-11.52
21.7788286407767,58.501,0.00706844660194174,5.93112659574468,16.559,-4.96490892857143,-17.0222
29.6322825333333,57.168,0.00758946666666665,5.4703,15.373,-6.57979676470588,-15.35082
62.4468219101124,94.32,0.0119342696629213,3.47256435643564,23.185,-4.52733376623377,-21.888
46.1358242424242,88.056,0.0146181818181818,4.65811964285714,14.3992,-6.17636904761905,-19.475
37.7198303797468,69.23,0.0264303797468355,4.82554375,28.62,-7.40445483870968,-21.417
57.0236457142857,94.428,0.590428571428571,5.15122727272727,12.3514,-7.12784615384615,-12.852
48.3015191489362,63.432,0.00421276595744678,2.6733,24.745,-3.02884090909091,-11.63
36.8562543209877,75.457,0.0174753086419753,4.07678,21.712,-5.05665555555556,-16.236
35.5202428571429,51.372,0.306857142857143,6.044,16.162,-3.996,-16.559
27.2067087804878,62.355,0.0259621951219512,5.73999,24.739,-5.973767,-17.277
22.803396,50.58,0.072,7.41833636363636,13.6164,-5.70012142857143,-13.462
25.7544621621622,56.268,0.0428153153153153,4.66219137931034,11.486,-5.10874230769231,-16.008
43.31188,66.744,0.26928,5.40726666666667,18.433,-7.4377,-13.83
57.207193877551,83.808,0.0136714285714286,3.71890384615385,14.618,-4.17485217391304,-15.444
68.7662461538462,98.136,0.190569230769231,4.60808108108108,26.713,-5.64685714285714,-17.208
43.685384375,88.128,0.17465625,5.27531081081081,16.38,-6.81512962962963,-25.45
30.3363214285714,59.366,2.69485714285714,6.89622222222222,15.87,-6.0845,-13.357
38.3389069767442,79.524,0.1348,5.92502272727273,12.86,-5.93114761904762,-28.219
39.0184511904762,73.297,0.049377380952381,4.176238,22.12,-6.01953529411765,-17.309
18.5831513513514,28.98,0.204437837837838,3.363045,9.899,-3.51157058823529,-10.548
31.9158588235294,52.849,0.0566058823529412,5.33805555555556,11.011,-5.885025,-15.774
21.596018961039,40.464,0.0103809090909091,4.07135175,10.475,-4.37985783783784,-14.328
23.2497828571429,49.212,0.0185142857142858,7.24057222222222,28.426,-7.62837058823529,-19.293
24.2121153846154,43.669,0.214653846153846,4.32493333333333,10.779,-5.39027272727273,-11.662
6.30985096774194,14.328,0.149951612903226,2.25428235294118,4.4764,-2.40530714285714,-7.3395
25.9915382352941,50.616,0.115417647058824,5.35722777777778,13.27,-5.78161875,-13.824
10.8975535714286,21.564,0.243121428571429,2.4944375,6.6953,-2.75863333333333,-8.8926
3.87168620689655,5.8655,0.0883551724137931,1.71082857142857,5.8655,-1.42595333333333,-5.7762
8.21811625,25.308,0.018035,4.25096,10.4708,-3.71689882352941,-13.7733
19.4479906976744,39.024,0.0753488372093023,3.08651632653061,7.807,-3.91241351351351,-12.594
51.1263149253731,77.401,0.0312059701492537,3.69845454545455,10.189,-3.63509696969697,-9.147
51.8419721311475,72.072,0.145185245901639,2.95934285714286,10.584,-3.64310384615385,-14.436
60.4865472972973,87.048,0.0520635135135135,3.54007142857143,13.284,-4.525946875,-14.04
40.1286952,73.657,0.111032,3.65910410958904,14.982,-4.86991538461538,-17.392
35.7060488095238,58.464,0.015025,3.98503673469388,18.647,-5.54299142857143,-17.953
59.5542324675325,91.008,0.071587012987013,4.05586666666667,13.212,-5.53130625,-21.275
49.1145564102564,68.508,0.00830769230769228,4.10072727272727,12.045,-5.28776470588235,-14.834
60.8924942307692,72.866,0.0688211538461538,4.03413333333333,21.062,-5.33842272727273,-24.443
46.6746480769231,62.462,0.000692307692307719,3.09982142857143,12.781,-3.61495833333333,-18.828
13.470835483871,26.824,0.0643854838709677,1.61479705882353,8.8903,-1.81825714285714,-9.261
14.2119571428571,39.494,0.0514357142857143,3.2217,13.716,-2.3262625,-11.415
10.9202242253521,26.967,0.0117059154929577,1.65073428571429,4.2122,-1.58179388888889,-6.17
23.666177721519,44.28,0.00440050632911392,2.7804313253012,8.244,-3.06774026666667,-11.878
18.8906687407407,50.688,0.00240000000000001,4.10757714285714,14.147,-4.41856,-31.6935
9.93114777777778,21.715,0.0267996296296296,3.20620714285714,9.6114,-3.39717769230769,-6.588
29.35602,45.076,0.183822857142857,5.33475,16.524,-4.1538,-10.043
16.1878479452055,35.929,0.0234246575342466,3.722576,11.919,-3.88412957746479,-16.057
53.2280543269231,88.668,0.0266899038461538,3.53562558139535,16.994,-5.70309113924051,-23.994
43.7082018181818,68.004,0.0267,3.966,8.9326,-3.3683275862069,-10.799
28.3721428571429,42.985,0.120382857142857,3.52066666666667,8.7784,-4.98004285714286,-20.0906
25.2569319587629,44.137,0.0183216494845361,3.58120384615385,11.01,-4.09878666666667,-15.984
26.2767517241379,42.991,0.106872413793103,3.98771875,9.72,-5.51856363636364,-10.899
51.3496926470588,72.217,0.0286323529411765,3.52318421052632,13.389,-4.3978,-19.585
70.8690425925926,98.677,0.060075,3.80390769230769,12.277,-5.59920697674419,-25.3359
42.2534389312977,82.62,0.0492526717557252,5.27998873239437,18.36,-6.14045166666667,-22.6254
38.4839962025316,63.544,0.226962025316456,5.37130930232558,24.7,-5.917675,-21.626
52.3836379310345,91.152,0.0409735632183908,4.87310652173913,12.214,-5.38044390243902,-27.245
48.54469975,70.2,0.02685,3.718625,10.977,-5.5108125,-25.2
54.9872862068965,73.404,0.0229741379310345,3.22678125,14.4,-3.92017307692308,-11.876
37.6750844660194,71.676,0.0115339805825243,3.74611964285714,10.545,-4.43818510638298,-15.7311
16.9688034482759,33.12,0.00868965517241382,3.68666,9.7949,-3.93199285714286,-14.94
23.6989880597015,56.448,0.026344776119403,6.68368387096774,14.226,-5.70636388888889,-13.335
59.8498552941176,95.508,0.0648223529411764,4.718978,15.87,-6.58397142857143,-34.599
41.6723645454545,69.156,0.0824781818181818,3.68512898550725,14.589,-5.98051951219512,-20.011
29.996898630137,55.656,0.0537739726027397,6.03588333333333,13.7386,-5.76665675675676,-18.97
46.1499891304348,80.426,0.0383717391304347,7.835,17.065,-7.1085375,-19.34945
59.65157,80.1,0.1989025,3.93728,12.3843,-6.03172666666667,-22.931
60.4126754716981,80.604,0.00543396226415096,3.93739393939394,10.907,-6.4823,-18.343
67.7958893939394,97.776,0.0272727272727273,4.513525,21.169,-6.87465384615385,-30.2543
51.320148,91.911,0.093736,5.36658679245283,16.519,-5.85224468085106,-22.146
56.344172,99.648,0.0417840000000001,6.6432,10.367,-9.86034,-17.384
42.7146142857143,73.224,0.0168311688311688,3.38152173913044,12.96,-4.97593548387097,-14.399
54.652261038961,83.052,0.0205922077922078,2.95286046511628,17.572,-3.68786470588235,-16.517
36.277052,59.94,0.0374426666666667,3.51717692307692,18.2175,-3.73226944444444,-9.178
25.65623,39.708,0.0957966666666666,4.88570714285714,21.2414,-4.3684,-10.332
27.7749274509804,49.213,0.0207725490196078,4.12505555555556,11.9544,-4.59654583333333,-35.3726
18.8931228070175,50.22,0.0413771929824562,3.80720344827586,11.7358,-3.85894285714286,-11.0729
28.9723683168317,64.441,0.0107227722772277,5.8752875,13.3333,-5.30058113207547,-19.026
45.3539920353982,89.928,0.102389380530973,5.14616379310345,20.847,-5.2165,-30.019
64.320674,82.512,0.42408,4.77625,13.2233,-5.11504545454545,-28.503
56.0609,100.33,0.0125698224852071,4.71905416666667,20.413,-6.17677945205479,-18.497
32.337188,64.296,0.036322,5.39291153846154,16.02,-5.76665,-17.281
33.6699827586207,51.121,0.0462448275862069,3.2104306122449,16.524,-4.03388947368421,-13.0531
23.569562962963,39.854,0.0268740740740741,3.98034482758621,10.654,-4.559152,-11.52
21.7788286407767,58.501,0.00706844660194174,5.93112659574468,16.559,-4.96490892857143,-17.0222
29.6322825333333,57.168,0.00758946666666665,5.4703,15.373,-6.57979676470588,-15.35082
62.4468219101124,94.32,0.0119342696629213,3.47256435643564,23.185,-4.52733376623377,-21.888
46.1358242424242,88.056,0.0146181818181818,4.65811964285714,14.3992,-6.17636904761905,-19.475
37.7198303797468,69.23,0.0264303797468355,4.82554375,28.62,-7.40445483870968,-21.417
57.0236457142857,94.428,0.590428571428571,5.15122727272727,12.3514,-7.12784615384615,-12.852
48.3015191489362,63.432,0.00421276595744678,2.6733,24.745,-3.02884090909091,-11.63
36.8562543209877,75.457,0.0174753086419753,4.07678,21.712,-5.05665555555556,-16.236
35.5202428571429,51.372,0.306857142857143,6.044,16.162,-3.996,-16.559
27.2067087804878,62.355,0.0259621951219512,5.73999,24.739,-5.973767,-17.277
22.803396,50.58,0.072,7.41833636363636,13.6164,-5.70012142857143,-13.462
25.7544621621622,56.268,0.0428153153153153,4.66219137931034,11.486,-5.10874230769231,-16.008
43.31188,66.744,0.26928,5.40726666666667,18.433,-7.4377,-13.83
57.207193877551,83.808,0.0136714285714286,3.71890384615385,14.618,-4.17485217391304,-15.444
68.7662461538462,98.136,0.190569230769231,4.60808108108108,26.713,-5.64685714285714,-17.208
43.685384375,88.128,0.17465625,5.27531081081081,16.38,-6.81512962962963,-25.45
30.3363214285714,59.366,2.69485714285714,6.89622222222222,15.87,-6.0845,-13.357
38.3389069767442,79.524,0.1348,5.92502272727273,12.86,-5.93114761904762,-28.219
39.0184511904762,73.297,0.049377380952381,4.176238,22.12,-6.01953529411765,-17.309
18.5831513513514,28.98,0.204437837837838,3.363045,9.899,-3.51157058823529,-10.548
31.9158588235294,52.849,0.0566058823529412,5.33805555555556,11.011,-5.885025,-15.774
21.596018961039,40.464,0.0103809090909091,4.07135175,10.475,-4.37985783783784,-14.328
23.2497828571429,49.212,0.0185142857142858,7.24057222222222,28.426,-7.62837058823529,-19.293
24.2121153846154,43.669,0.214653846153846,4.32493333333333,10.779,-5.39027272727273,-11.662
6.30985096774194,14.328,0.149951612903226,2.25428235294118,4.4764,-2.40530714285714,-7.3395
25.9915382352941,50.616,0.115417647058824,5.35722777777778,13.27,-5.78161875,-13.824
10.8975535714286,21.564,0.243121428571429,2.4944375,6.6953,-2.75863333333333,-8.8926
3.87168620689655,5.8655,0.0883551724137931,1.71082857142857,5.8655,-1.42595333333333,-5.7762
8.21811625,25.308,0.018035,4.25096,10.4708,-3.71689882352941,-13.7733
19.4479906976744,39.024,0.0753488372093023,3.08651632653061,7.807,-3.91241351351351,-12.594
51.1263149253731,77.401,0.0312059701492537,3.69845454545455,10.189,-3.63509696969697,-9.147
51.8419721311475,72.072,0.145185245901639,2.95934285714286,10.584,-3.64310384615385,-14.436
60.4865472972973,87.048,0.0520635135135135,3.54007142857143,13.284,-4.525946875,-14.04
40.1286952,73.657,0.111032,3.65910410958904,14.982,-4.86991538461538,-17.392
35.7060488095238,58.464,0.015025,3.98503673469388,18.647,-5.54299142857143,-17.953
59.5542324675325,91.008,0.071587012987013,4.05586666666667,13.212,-5.53130625,-21.275
49.1145564102564,68.508,0.00830769230769228,4.10072727272727,12.045,-5.28776470588235,-14.834
60.8924942307692,72.866,0.0688211538461538,4.03413333333333,21.062,-5.33842272727273,-24.443
46.6746480769231,62.462,0.000692307692307719,3.09982142857143,12.781,-3.61495833333333,-18.828
13.470835483871,26.824,0.0643854838709677,1.61479705882353,8.8903,-1.81825714285714,-9.261
14.2119571428571,39.494,0.0514357142857143,3.2217,13.716,-2.3262625,-11.415
10.9202242253521,26.967,0.0117059154929577,1.65073428571429,4.2122,-1.58179388888889,-6.17
23.666177721519,44.28,0.00440050632911392,2.7804313253012,8.244,-3.06774026666667,-11.878
18.8906687407407,50.688,0.00240000000000001,4.10757714285714,14.147,-4.41856,-31.6935
9.93114777777778,21.715,0.0267996296296296,3.20620714285714,9.6114,-3.39717769230769,-6.588
29.35602,45.076,0.183822857142857,5.33475,16.524,-4.1538,-10.043
16.1878479452055,35.929,0.0234246575342466,3.722576,11.919,-3.88412957746479,-16.057
29.5544083333333,66.78,0.0705041666666666,3.79348461538462,8.598,-4.32938181818182,-15.12
39.3346875,54.18,0.04634375,3.658,14.47,-4.59721428571429,-10.034
42.1037768292683,62.137,0.0206390243902439,2.97609756097561,13.382,-2.93481951219512,-11.5467
9.5096696969697,26.424,0.0152727272727273,4.37873571428571,9.784,-3.19991052631579,-8.4502
11.0548,22.032,0.0869777777777778,2.33812272727273,6.272,-3.45053571428571,-7.9223
15.6310745098039,27.72,0.0652941176470588,3.82672553191489,9.29,-3.14902,-14.4352
13.2474475806452,39.672,0.0127741935483871,3.73619152542373,11.704,-3.36694307692308,-20.664
18.111113902439,35.532,0.00801146341463415,2.86903488372093,11.6639,-3.14645025641026,-13.615
45.6852058823529,94.034,0.00305210084033614,3.65378587570621,16.379,-3.62713764044944,-19.8
36.8139656291391,71.028,0.0257496688741722,3.96142454545455,30.112,-4.0694795945946,-17.058
27.3567387096774,66.564,0.0331016129032258,4.22012571428571,13.428,-5.39452222222222,-16.19
36.0256340659341,73.621,0.0112516483516484,3.58444468085106,12.772,-3.89406976744186,-14.508
18.7324055555556,31.14,0.087825,4.41581333333333,9.5209,-3.00359523809524,-9.289
9.92729652173913,28.807,0.194186956521739,4.84119090909091,8.8338,-4.06556666666667,-13.1899
23.9628886597938,56.99,0.0279237113402062,4.08998979591837,14.472,-4.11876875,-11.248
28.6525883116883,50.077,0.0321337662337662,4.16754473684211,12.06,-3.99724102564103,-11.38
61.8703781818182,91.476,0.136814545454545,4.068,15.984,-6.74276,-12.9952
61.8336333333333,78.48,0.0801411764705882,3.96186666666667,11.015,-5.46518095238095,-21.7988
56.6827893258427,97.277,0.0186342696629213,5.092875,19.117,-7.51917285714286,-27.544
50.4729862068966,76.104,0.0994344827586207,4.9499375,8.786,-5.87041538461538,-14.435
25.2667866666667,46.729,0.0736177777777778,5.22542380952381,11.0396,-4.4342125,-12.235
17.2316607142857,33.696,0.156925,4.02468666666667,7.924,-4.30587692307692,-7.198
13.4068042553191,24.913,0.0827702127659574,3.36754090909091,7.443,-2.807828,-7.63
21.5438192307692,32.69,0.234003846153846,3.38107692307692,9.4652,-2.91306923076923,-10.5479
40.3062921875,65.664,0.1458703125,4.5979,12.308,-3.89700909090909,-11.0823
27.0533488333333,73.441,0.02048,4.23684096774194,16.883,-4.48666448275862,-14.3273
41.1593544444444,73.152,0.0215174603174603,3.497305,15.627,-4.05354379310345,-12.239
28.3140263157895,55.909,0.0423157894736842,3.97425483870968,20.485,-4.64576538461538,-14.667
12.8602096153846,31.608,0.0199807692307692,3.010012,13.182,-2.74856666666667,-8.391
45.3407909090909,85.176,0.0587363636363636,4.38747708333333,15.915,-4.01537254901961,-21.0943
47.9574754385965,69.804,0.0721771929824561,4.1496,13.645,-4.45829259259259,-10.475
12.6634483870968,28.657,0.00464516129032258,4.35424545454545,9.2598,-2.5133,-10.503
34.2122,70.884,0.0309959016393443,4.46282068965517,10.477,-3.9853453125,-12.417
23.4822698630137,62.535,0.125757534246575,5.41475121951219,15.084,-6.650765625,-16.922
27.7023025641026,64.512,0.0245705128205128,5.93524358974359,17.15,-5.88610256410256,-28.3271
30.1914767123288,48.027,0.0168821917808219,5.54949117647059,11.844,-4.80641794871795,-17.949
67.4243333333333,90.54,0.00776470588235294,3.37281818181818,22.716,-6.1615,-15.839
62.2275784313725,84.638,0.0927392156862745,4.73003703703704,16.054,-5.12422083333333,-15.804
69.96985625,97.02,0.1760625,4.1643,18.072,-6.471,-16.741
52.6440020408163,87.228,0.0164285714285714,4.76817068965517,14.7929,-6.8735975,-21.4109
39.506837755102,72.23,0.0210540816326531,4.68202040816327,18.181,-4.63991224489796,-16.199
20.1640585365854,36.36,0.0556585365853658,4.18631666666667,10.345,-3.32144090909091,-13.825
31.2294361702128,50.4,0.0107234042553191,5.86739545454545,12.9458,-5.143148,-20.617
19.8005953488372,45.864,0.0678976744186047,5.688515,18.973,-4.81959565217391,-21.8889
60.2242089473684,89.281,0.0147984210526316,3.49502702702703,8.845,-6.4236245,-22.789
56.6401456140351,75.313,0.0555789473684211,3.71234375,11.9437,-4.62508,-17.388
55.4163457142857,94.32,0.08476,4.01047941176471,13.824,-5.40049178082192,-17.381
2.9351,6.8731,0.0733961538461538,1.07607333333333,4.0504,-1.29389090909091,-3.8851
22.3729125,51.805,0.104808333333333,5.0459,13.098,-5.73466363636364,-17.575
37.1892137614679,68.832,0.0954495412844037,4.05904285714286,13.428,-4.09249811320755,-15.228
30.2246787878788,46.044,0.147287878787879,4.0047619047619,9.755,-6.60329166666667,-18.072
61.8552951219512,96.048,0.0553243902439024,5.06863636363636,15.5084,-5.74956315789474,-41.414
39.9339269565217,59.04,0.000626086956521737,4.34178032786885,19.98,-4.90327037037037,-22.141
54.1424962962963,83.196,0.710666666666667,6.61299230769231,10.476,-4.77006428571428,-17.316
32.0770777777778,74.628,0.0814018518518518,5.58056153846154,12.423,-5.02496071428571,-17.407
36.4179544565217,76.86,0.00508695652173913,4.28191041666667,32.365,-4.66053863636364,-13.966
31.4370961538462,53.676,0.157942307692308,6.51283333333333,18.797,-5.28910714285714,-17.316
26.7780311904762,61.35,0.00733595238095237,5.26216744186047,15.878,-5.50382878048781,-14.761
22.1681632352941,42.948,0.000529411764705877,5.68236944444444,14.727,-6.391540625,-17.781
34.601677173913,71.964,0.0165510869565217,4.14823703703704,15.16,-5.85479210526316,-25.554
50.2128152671756,67.681,0.00887099236641221,2.41576440677966,12.9621,-1.96344444444444,-7.883
57.2340238341969,99.83,0.0118238341968912,2.51783861386139,10.785,-2.76944725274725,-17.679
26.5523125,48.708,0.229545833333333,8.24338333333333,16.911,-7.78429166666667,-13.824
23.8688164705882,44.866,0.0199235294117647,4.29218717948718,16.812,-3.60221304347826,-13.283
49.1295909090909,76.536,0.0822272727272727,6.92416666666667,24.588,-8.1281,-22.929
69.3183988235294,99.792,0.0286664705882352,5.72765,19.26,-8.11273857142857,-28.907
68.5652544642857,94.104,0.05884375,4.14781818181818,21.996,-3.88665789473684,-21.814
45.0955639344262,88.02,0.0248377049180328,5.64099701492537,16.1676,-7.07389811320755,-26.8858
42.5904612903226,67.932,0.0191532258064516,4.58442424242424,12.347,-5.17581034482759,-19.507
63.3053972222222,87.157,0.0857861111111111,5.06268571428571,23.316,-4.62209189189189,-16.308
17.3295523809524,33.66,0.235914285714286,4.93234615384615,17.245,-7.3957875,-15.608
35.2868892156863,59.112,0.0165921568627451,2.84886206896552,10.837,-3.71685454545455,-12.348
23.1200363636364,33.488,0.450013636363636,2.94538461538462,9.792,-3.15441111111111,-9.176
9.1916462264151,19.502,0.0145839622641509,2.75551956521739,14.944,-2.15875862068966,-10.2899
32.7886636363636,60.332,0.159272727272727,6.19455714285714,24.916,-6.65475806451613,-17.835
67.3233941176471,98.612,0.000705882352941194,5.325,14.184,-7.60542857142857,-22.716
71.0394694444444,102.78,0.0586675925925926,3.83798461538462,21.384,-5.65425348837209,-40.293
47.89501375,77.87,0.112875,5.30162075471698,15.155,-6.28255581395349,-16.2
39.9719735294118,78.696,0.0163361344537815,3.9078753968254,13.5,-4.36164553571429,-16.379
21.1024261904762,44.928,0.0415785714285714,4.2259,11.988,-5.02365263157895,-27.042
27.3250266666667,63.361,0.358816666666667,4.12912941176471,12.7442,-4.57159230769231,-16.1805
19.7550442424242,38.052,0.0273381818181819,6.30597647058824,13.403,-7.08662933333333,-37.14984
21.022875,43.848,0.0341455882352941,3.94633939393939,15.48,-3.65449428571429,-10.548
62.1060664285714,94.249,0.00128571428571429,5.23734375,13.069,-7.28360869565217,-19.377
74.0048108108108,102.42,0.139783783783784,4.14561428571429,18.972,-6.69943902439024,-28.189
49.6018595505618,90.15,0.0995191011235955,5.3061,20.017,-8.32289117647059,-26.426
45.2673646153846,67.644,0.104175384615385,5.09582972972973,18.288,-6.49193928571429,-17.2457
49.2997266666667,83.305,0.373433333333333,5.493125,9.608,-5.47764285714286,-13.862
51.0312583333333,70.02,0.017275,4.53865517241379,20.094,-4.21240322580645,-12.852
38.6803792405063,62.964,0.012636835443038,3.39288625,10.8351,-3.45428564102564,-10.803
40.864755375,72.144,0.011708625,4.37449268292683,28.66,-4.57480794871795,-16.092
17.4401323404255,36.144,0.0239914893617021,2.97432083333333,8.674,-3.05461304347826,-8.28
21.2829206603774,54.936,0.0148547169811321,4.33151109090909,17.856,-4.64036294117647,-18.215
33.6485089230769,57.528,0.0105812307692308,5.91526666666667,12.257,-6.078625625,-14.79222
70.6199949044586,98.353,0.0477210191082803,3.61812643678161,21.498,-4.45340289855073,-17.317
51.7516247524752,97.272,0.0514663366336634,4.87955737704918,20.456,-7.3113725,-23.401
45.0455244444444,80.136,0.0260222222222222,4.80816,13.3574,-5.95165,-19.512
47.8451574468085,64.548,0.0549191489361702,4.380648,21.026,-4.86068181818182,-19.4508
43.54472,76.394,0.0992571428571429,4.76485294117647,15.552,-4.30713888888889,-18.714
10.2022376190476,31.863,0.0360409523809524,4.42953363636364,9.253,-4.796801,-16.136
3.69353913043478,6.596,0.121169565217391,1.50760833333333,3.1212,-1.39130909090909,-2.7
30.6036288461538,73.297,0.0048461538461538,5.119225,14.939,-6.22114347826087,-21.4352
38.3071651685393,72.146,0.0198573033707866,4.25503023255814,15.84,-3.93910869565217,-17.963
41.6724814814815,58.466,0.00400000000000002,4.9805,14.558,-7.23454545454545,-13.752
20.1704565217391,53.208,0.0240898550724638,4.82898571428571,24.265,-4.92212647058824,-17.739
57.4135473053892,95.436,0.0916227544910179,4.44448673469388,17.351,-6.09070579710145,-44.674
57.1540707317073,89.496,0.0884341463414634,3.67596296296296,13.394,-6.83037142857143,-16.92
39.9254816901408,58.789,0.00914084507042254,3.63825,9.397,-3.72365714285714,-14.076
35.8489444444444,65.268,0.0535288888888889,4.31812083333333,18.398,-4.82029047619048,-18.5748
38.3409586206897,65.304,0.027751724137931,4.61878571428571,29.7,-4.45522325581395,-17.602
23.0423496153846,62.784,0.0214628205128205,4.76983631578947,15.372,-4.489492,-21.461
9.53393333333333,21.997,0.0729333333333334,3.53969090909091,9.3943,-3.7405,-10.3717
31.8344782608696,50.184,0.0405115942028985,4.7119725,13.536,-6.40288275862069,-15.229
58.4743118644068,94.212,0.0238271186440678,4.99540540540541,19.011,-8.33746363636364,-17.748
60.5010788461538,78.876,0.0498557692307693,4.3176,19.584,-5.76979545454545,-24.1915
54.3120011235955,99.36,0.0758483146067416,4.46735675675676,17.064,-7.19963582089552,-42.48
42.3225661971831,69.233,0.0209056338028169,7.10376944444444,19.694,-7.26432571428571,-25.949
56.7892,94.752,0.0668000000000001,5.9414375,12.144,-10.377,-33.659
27.4806190909091,45.217,0.0377781818181818,6.25611111111111,13.0318,-4.26722153846154,-8.712
44.6757594736842,63.684,0.0854964912280702,3.47593939393939,15.00801,-4.5763625,-11.737
37.7179333333333,55.118,0.0523916666666667,5.30408333333333,13.36,-5.1993,-19.726
12.9919607692308,26.065,0.109942307692308,2.66061866666667,7.2614,-3.36825272727273,-9.9453
32.0729487179487,55.476,0.038125641025641,5.30257142857143,11.81,-6.10372777777778,-13.9221
10.19998,31.25,0.07062,4.77681666666667,17.138,-4.27356153846154,-11.2949
17.8106216216216,37.121,0.0517135135135135,6.4753125,18.289,-4.84245714285714,-17.349
20.28855,33.984,0.203242857142857,5.30173333333333,15.709,-5.67963076923077,-16.2513
23.8782411347518,57.961,0.0324503546099291,5.43211944444444,13.824,-5.60198695652174,-17.425
17.4774825,43.814,0.0648075000000001,5.53014285714286,19.338,-5.97582631578947,-19.279
20.7772924170616,45.468,0.000170616113744066,5.08549038461538,16.234,-4.94257009345794,-19.98
36.4142163265306,74.376,0.11249387755102,5.12833214285714,13.564,-6.57529047619048,-18.144
25.551726827957,79.128,0.0029032258064516,3.4156544,15.66,-3.96541209302326,-16.524
7.62557083333333,14.184,0.00600000000000002,1.75875454545455,7.9338,-1.4771,-4.2839
13.2441405405405,28.801,0.181727027027027,2.955515,9.9376,-3.08155294117647,-6.0772
18.8735440677966,57.42,0.0258881355932203,4.62655357142857,11.161,-4.12955161290323,-12.709
9.15272083333333,29.988,0.04031875,3.49033043478261,12.852,-3.133692,-18.0964
11.1153913043478,23.076,0.0590144927536232,3.18699090909091,18.432,-2.80829722222222,-9.72
19.9601233333333,32.94,0.5736,4.11666875,12.277,-3.47562142857143,-15.758
37.8506321428571,74.592,0.0451642857142858,5.42142,17.786,-6.15820769230769,-17.891
49.3124130434783,79.668,0.0692282608695652,4.7361875,24.159,-5.022,-21.959
54.8768828571429,82.045,0.01084,4.25574647887324,20.557,-4.42118235294118,-23.8264
36.405123015873,68.652,0.0200079365079365,4.72586212121212,18.901,-5.15643166666667,-19.584
15.4985046511628,29.952,0.0921093023255814,3.4151375,7.381,-4.1054,-13.834
24.1249418604651,35.537,0.126206976744186,3.36268181818182,7.7064,-3.26438571428571,-8.011
23.7706066666667,43.417,0.042005,4.69292580645161,14.653,-4.92966896551724,-15.501
40.697925,71.28,0.00128571428571429,5.09935714285714,13.686,-5.09678571428571,-14.832
66.7392742857143,90.361,0.00102857142857147,5.19485,16.271,-6.92406666666667,-22.536
50.4103372580645,64.656,0.00961145161290323,2.82496885714286,14.184,-3.63992592592593,-15.626
57.3835692307692,92.521,0.00138461538461538,4.0946976744186,14.434,-5.02754285714286,-21.205
46.4609306306306,74.088,0.0110315315315315,4.75767878787879,15.724,-6.95071777777778,-22.8599
19.7822928571429,32.294,0.331735714285714,5.00380666666667,11.0872,-5.05911538461538,-15.2274
42.178661971831,80.748,0.016256338028169,5.36546444444445,15.7,-9.24198846153846,-25.596
52.5331142857143,82.62,0.171175,4.91637777777778,14.443,-8.37019,-22.4961
46.2773048387097,67.176,0.0650370967741935,3.43484864864865,20.035,-4.922284,-28.038
39.1664728395062,65.556,0.0407074074074074,4.13721951219512,11.979,-4.1582175,-17.819
3.19352228571429,8.4967,0.0231142857142857,1.67616,7.59382,-1.53809555555556,-5.93862
35.6178643678161,63.15,0.0215528735632184,3.96631463414634,15.333,-3.65326818181818,-10.2209
28.3791524590164,59.041,0.0537852459016394,5.625,14.54,-5.70313666666667,-17.595
30.5560441860465,48.996,0.314046511627907,4.2470875,15.014,-4.65400526315789,-17.6
14.6025954216867,35.175,0.0100134939759036,3.20873636363636,12.3044,-3.59880205128205,-12.8032
59.6744925714286,101.52,0.0425214285714286,4.94637311258278,16.668,-5.69764604651163,-26.208
43.8918627118644,55.008,0.0299237288135593,3.25027,17.641,-3.30146896551724,-16.6116
38.7739133333333,60.048,0.028336,2.94631052631579,18.799,-2.9685027027027,-15.876
31.9821090277778,64.008,0.0198506944444444,4.11565,16.416,-4.07594861111111,-16.199
18.8644769230769,30.24,0.206311538461538,5.70905833333333,11.016,-4.51032857142857,-11.3767
27.6396129032258,44.352,0.00870967741935486,4.82871071428571,14.54,-3.96070294117647,-19.5065
11.4204351851852,27.541,0.0253685185185186,5.2167,18.364,-3.543671875,-9.791
28.5587493670886,51.228,0.107167088607595,4.85459512195122,19.434,-5.01505789473684,-19.434
55.4462967741935,75.816,0.0824532258064516,4.15627272727273,13.932,-4.5532724137931,-31.098
61.2704178899083,101.05,0.0234587155963303,4.83002480620155,20.738,-7.27010823529412,-46.8656
40.3455470588235,77.652,0.0307794117647059,6.59827777777778,17.245,-7.35765625,-15.797
24.937575,51.264,0.135133333333333,4.7896,9.287,-3.80326153846154,-8.497
28.7648807228916,49.285,0.0171855421686747,4.01150227272727,10.6557,-4.48922307692308,-17.497
45.6403857142857,80.532,0.11892380952381,4.22730555555556,15.223,-5.35891851851852,-19.767
16.0686913043478,26.568,0.148265217391304,5.7012,21.536,-4.941925,-18.0712
41.5090403846154,76.68,0.0270201923076923,5.52966,13.7519,-5.06801666666667,-16.2
12.2863342857143,39.385,0.0820333333333334,6.091898,12.036,-5.38148,-17.5478
20.95698890625,63.792,0.0016875,5.07018108108108,14.435,-6.94402592592593,-31.393
16.6277724137931,26.462,0.151468965517241,2.88506666666667,6.1607,-2.77738571428571,-8.3152
16.1039176666667,33.195,0.0122376666666667,4.90608666666667,16.956,-4.88161133333333,-12.4097
23.7938118181818,58.106,0.0572954545454546,5.70124166666667,13.671,-6.71544,-26.543
36.8263533333333,55.405,0.0540033333333334,5.86038709677419,15.215,-6.37256428571429,-18.862
58.4618682926829,91.548,0.0105365853658537,4.061,10.045,-7.01026666666667,-18.036
64.648525,101.52,0.0420235294117647,5.57290598290598,30.494,-7.39605977011494,-29.412
46.6478144329897,99.217,0.0349618556701031,4.39732692307692,13.494,-5.11976590909091,-24.213
44.2007796875,60.48,0.0731265625,3.83763636363636,12.8392,-3.93425483870968,-14.472
20.7300333333333,48.314,0.0422506666666667,3.44611463414634,9.4608,-4.06240882352941,-11.304
14.7976623376623,46.372,0.00140259740259741,3.93479736842105,15.4789,-3.8311358974359,-12.826
19.6986701754386,39.746,0.0287631578947368,6.02766,18.001,-4.657875,-15.983
11.2023529411765,40.5,0.0529411764705882,3.74516129032258,18,-3.6,-12.6
17.8411764705882,48.6,0.0794117647058824,3.22941176470588,9.9,-5.8,-13.5
9.47142857142857,24.3,0.0857142857142857,4.65,11.7,-2.9,-7.2
2.82413793103448,5.4,0.0620689655172414,1.28571428571429,2.7,-1.44,-1.8
7.2375,21.6,0.15,3.15,8.1,-3.98571428571429,-8.1
32.8972027972028,63,0.0125874125874126,5.765625,54,-5.4,-52.2
9.3063829787234,24.3,0.0574468085106383,3.34285714285714,9,-2.94,-5.4
6.38181818181818,13.5,0.0163636363636364,1.725,3.6,-1.8,-4.5
16.959375,40.5,0.05625,5.4,11.7,-2.95714285714286,-11.7
50.7717728055077,86.4,0.00464716006884681,5.02795275590551,81,-4.95875486381323,-74.7
23.0869565217391,43.2,0.626086956521739,7.5,43.2,-5.31,-21.6
42.1582978723404,72.9,0.00765957446808511,3.96867469879518,72,-3.4125,-65.7
65.694,92.7,0.018,5.03013698630137,85.5,-5.97540983606557,-85.5
19.5,37.8,0.02,4.00645161290323,29.7,-3.78,-27.9
9.045,13.5,0.135,2.35,13.5,-2.28,-11.7
9.2,12.6,0.1,2.7,8.1,-2.9,-9
8.37169811320755,13.5,0.152830188679245,2.59411764705882,11.7,-2.25,-7.2
9.75428571428571,16.2,0.00428571428571429,2.7,11.7,-2.92,-11.7
12.2444444444444,25.2,0.0333333333333333,3.19354838709677,19.8,-3.43928571428571,-19.8
13.9564593301435,22.5,0.038755980861244,3.55344827586207,21.6,-3.41379310344828,-19.8
13.0959854014599,21.6,0.00985401459854015,2.49850746268657,20.7,-2.745,-16.2
11.94,18.9,0.00428571428571429,2.42658227848101,17.1,-2.65,-18
13.3618925831202,30.6,0.00460358056265984,2.87181818181818,20.7,-2.53306451612903,-19.8
2.6,4.5,0.0666666666666667,1.35,3.6,-1.26,-1.8
2.5875,4.5,0.1125,1.95,3.6,-1.28571428571429,-2.7
5.34255319148936,5.4,0.0574468085106383,5.4,5.4,-5.4,-5.4
2.6112676056338,6.3,0.0253521126760563,1.8,4.5,-1.13684210526316,-2.7
16.1555350140056,26.286,0.0151260504201681,4.14152173913044,26.286,-3.04057692307692,-16.2
1.8972972972973,2.7,0.0486486486486487,1.125,1.8,-0.9,-0.9
2.0625,2.7,0.1125,1.08,1.8,-0.9,-0.9
59.8472781779661,98.117,0.0592330508474576,6.4361883248731,84.619,-6.81302802197802,-86.419
3.8088,32.4,0.0288,2.925,29.7,-2.664,-16.2
3.36601503759399,8.1,0.0135338345864662,2.49941176470588,7.2,-2.26055555555556,-8.1
4.26375,7.2,0.0225,2.4,6.3,-1.6875,-4.5
3.38108108108108,7.2,0.0486486486486486,1.6,2.7,-1.4,-3.6
3.75619834710744,8.1,0.00743801652892562,1.8,4.5,-1.76086956521739,-7.2
38.3235945945946,77.4,0.0972972972972973,5.43913043478261,63.9,-3.80322580645161,-14.4
5.15689590643275,7.0292,0.0315789473684211,5.58102222222222,7.0292,-5.60365,-7.0292
48.0831428571429,77.4,0.203142857142857,5.12805755395683,77.4,-4.45625,-77.4
31.8518181818182,70.2,0.36,6.80625,63.9,-7.1775,-60.3
44.8035215517241,78.3,0.221120689655172,6.41769158878505,72.922,-6.7595,-72.022
37.5256351039261,63,0.00207852193995382,4.23473684210526,51.3,-4.51516853932584,-55.8
24.9,42.3,0.1,10.9636363636364,41.4,-6.88235294117647,-42.3
3.96,7.2,0.102857142857143,2.025,6.3,-2.07,-6.3
41.3223021582734,54.9,0.0323741007194245,2.7,47.7,-2.56666666666667,-7.2
13.9378028169014,36.9,0.0253521126760564,4.59318181818182,14.512,-4.72619047619048,-14.512
17.1568901492537,47.7,0.00537313432835823,3.95223853211009,36.9,-4.16499029126214,-35.1
2.23920555555556,4.8466,0.0901388888888889,1.66165,1.8,-1.13386666666667,-1.8
4.88571428571429,9.9,0.0428571428571429,3.375,5.4,-2.52,-7.2
2.90769230769231,3.6,0.0692307692307692,1.2,1.8,-0.9,-0.9
4.70454545454546,24.3,0.286363636363636,2.44285714285714,9.9,-2.18571428571429,-5.4
6.3375,16.2,0.05625,2.83846153846154,12.6,-2.28,-9
28.2954545454545,41.4,0.518181818181818,7.2375,34.2,-4.98214285714286,-30.6
26.1767753191489,61.2,0.0191489361702128,4.30767195121951,37.8,-3.487291,-14.4
76.2942857142857,90,2.31428571428571,25.3928571428571,86.4,-18.3,-83.7
11.4792452830189,33.3,0.0509433962264151,4.5,33.3,-4.365,-27
58.2050420168067,93.6,0.0151260504201681,9.96428571428571,82.8,-7.8622641509434,-84.6
67.1111111111111,88.2,0.472222222222222,4.87285714285714,56.7,-4.134375,-52.2
45.4175675675676,93.6,0.00810810810810811,6.59634146341463,81.9,-5.13428571428571,-70.2
24.8692307692308,47.7,0.0846153846153846,5.20851063829787,35.1,-4.99787234042553,-33.3
68.3433333333333,106.48,1.53987878787879,29.5219375,102.48,-24.7961764705882,-106.48
24.4270144927536,48.466,0.589855072463768,5.87145454545455,22.715,-3.53888,-16.595
43.9227186440678,100.69,0.00610169491525424,4.44135652173913,88.205,-4.54425,-90.878
12.5172413793103,41.4,0.0310344827586207,3.346875,25.2,-4.176,-41.4
22.7470588235294,50.4,0.0617647058823529,5.08378378378378,41.4,-4.545,-38.7
88.1763157894737,99.9,2.29736842105263,7.95,90,-3.4875,-9
61.8692307692308,87.3,2.05384615384615,17.325,82.8,-19.0285714285714,-71.1
75.7285714285714,91.8,3.94285714285714,13.8461538461538,83.7,-12.15,-77.4
2.268,4.5,0.072,1.44,2.7,-1.08,-1.8
59.06,79.2,1.48,24.8684210526316,78.3,-27.06,-79.2
45.4003448275862,82.8,0.00310344827586207,5.76302521008403,78.3,-5.75546218487395,-75.6
12.6303523809524,14.4,0.685714285714286,10.8,14.4,-14.4,-14.4
89.1065376344086,104.74,1.05337634408602,6.60516279069767,96.279,-5.47229411764706,-94.599
40.2136363636364,59.4,2.53636363636364,4.5,12.6,-1.2,-1.8
62.0608695652174,68.4,2.77826086956522,15.8,63.9,-13.05,-68.4
6.09473684210526,20.7,0.363157894736842,3.12,14.4,-2.9,-13.5
83.7482142857143,90,1.51071428571429,5.925,83.7,-3.2,-7.2
84.2294117647059,99.9,2.48823529411765,12.8117647058824,89.1,-8.88,-99.9
55.48125,90,0.1125,6.2,85.5,-4.61739130434783,-14.4
54.4429530201342,85.5,0.0604026845637584,5.00679611650485,80.1,-5.12448979591837,-85.5
5.71304347826087,11.7,0.0391304347826087,1.95,6.3,-1.54285714285714,-2.7
18.3818181818182,44.1,0.654545454545455,6.55714285714286,30.6,-8.775,-29.7
11.2023529411765,40.5,0.0529411764705882,3.74516129032258,18,-3.6,-12.6
17.8411764705882,48.6,0.0794117647058824,3.22941176470588,9.9,-5.8,-13.5
9.47142857142857,24.3,0.0857142857142857,4.65,11.7,-2.9,-7.2
2.82413793103448,5.4,0.0620689655172414,1.28571428571429,2.7,-1.44,-1.8
7.2375,21.6,0.15,3.15,8.1,-3.98571428571429,-8.1
32.8972027972028,63,0.0125874125874126,5.765625,54,-5.4,-52.2
9.3063829787234,24.3,0.0574468085106383,3.34285714285714,9,-2.94,-5.4
6.38181818181818,13.5,0.0163636363636364,1.725,3.6,-1.8,-4.5
16.959375,40.5,0.05625,5.4,11.7,-2.95714285714286,-11.7
50.7717728055077,86.4,0.00464716006884681,5.02795275590551,81,-4.95875486381323,-74.7
23.0869565217391,43.2,0.626086956521739,7.5,43.2,-5.31,-21.6
42.1582978723404,72.9,0.00765957446808511,3.96867469879518,72,-3.4125,-65.7
65.694,92.7,0.018,5.03013698630137,85.5,-5.97540983606557,-85.5
19.5,37.8,0.02,4.00645161290323,29.7,-3.78,-27.9
9.045,13.5,0.135,2.35,13.5,-2.28,-11.7
9.2,12.6,0.1,2.7,8.1,-2.9,-9
8.37169811320755,13.5,0.152830188679245,2.59411764705882,11.7,-2.25,-7.2
9.75428571428571,16.2,0.00428571428571429,2.7,11.7,-2.92,-11.7
12.2444444444444,25.2,0.0333333333333333,3.19354838709677,19.8,-3.43928571428571,-19.8
13.9564593301435,22.5,0.038755980861244,3.55344827586207,21.6,-3.41379310344828,-19.8
13.0959854014599,21.6,0.00985401459854015,2.49850746268657,20.7,-2.745,-16.2
11.94,18.9,0.00428571428571429,2.42658227848101,17.1,-2.65,-18
13.3618925831202,30.6,0.00460358056265984,2.87181818181818,20.7,-2.53306451612903,-19.8
2.6,4.5,0.0666666666666667,1.35,3.6,-1.26,-1.8
2.5875,4.5,0.1125,1.95,3.6,-1.28571428571429,-2.7
5.34255319148936,5.4,0.0574468085106383,5.4,5.4,-5.4,-5.4
2.6112676056338,6.3,0.0253521126760563,1.8,4.5,-1.13684210526316,-2.7
16.1555350140056,26.286,0.0151260504201681,4.14152173913044,26.286,-3.04057692307692,-16.2
1.8972972972973,2.7,0.0486486486486487,1.125,1.8,-0.9,-0.9
2.0625,2.7,0.1125,1.08,1.8,-0.9,-0.9
59.8472781779661,98.117,0.0592330508474576,6.4361883248731,84.619,-6.81302802197802,-86.419
3.8088,32.4,0.0288,2.925,29.7,-2.664,-16.2
3.36601503759399,8.1,0.0135338345864662,2.49941176470588,7.2,-2.26055555555556,-8.1
4.26375,7.2,0.0225,2.4,6.3,-1.6875,-4.5
3.38108108108108,7.2,0.0486486486486486,1.6,2.7,-1.4,-3.6
3.75619834710744,8.1,0.00743801652892562,1.8,4.5,-1.76086956521739,-7.2
38.3235945945946,77.4,0.0972972972972973,5.43913043478261,63.9,-3.80322580645161,-14.4
5.15689590643275,7.0292,0.0315789473684211,5.58102222222222,7.0292,-5.60365,-7.0292
48.0831428571429,77.4,0.203142857142857,5.12805755395683,77.4,-4.45625,-77.4
31.8518181818182,70.2,0.36,6.80625,63.9,-7.1775,-60.3
44.8035215517241,78.3,0.221120689655172,6.41769158878505,72.922,-6.7595,-72.022
37.5256351039261,63,0.00207852193995382,4.23473684210526,51.3,-4.51516853932584,-55.8
24.9,42.3,0.1,10.9636363636364,41.4,-6.88235294117647,-42.3
3.96,7.2,0.102857142857143,2.025,6.3,-2.07,-6.3
41.3223021582734,54.9,0.0323741007194245,2.7,47.7,-2.56666666666667,-7.2
13.9378028169014,36.9,0.0253521126760564,4.59318181818182,14.512,-4.72619047619048,-14.512
17.1568901492537,47.7,0.00537313432835823,3.95223853211009,36.9,-4.16499029126214,-35.1
2.23920555555556,4.8466,0.0901388888888889,1.66165,1.8,-1.13386666666667,-1.8
4.88571428571429,9.9,0.0428571428571429,3.375,5.4,-2.52,-7.2
2.90769230769231,3.6,0.0692307692307692,1.2,1.8,-0.9,-0.9
4.70454545454546,24.3,0.286363636363636,2.44285714285714,9.9,-2.18571428571429,-5.4
6.3375,16.2,0.05625,2.83846153846154,12.6,-2.28,-9
28.2954545454545,41.4,0.518181818181818,7.2375,34.2,-4.98214285714286,-30.6
26.1767753191489,61.2,0.0191489361702128,4.30767195121951,37.8,-3.487291,-14.4
76.2942857142857,90,2.31428571428571,25.3928571428571,86.4,-18.3,-83.7
11.4792452830189,33.3,0.0509433962264151,4.5,33.3,-4.365,-27
58.2050420168067,93.6,0.0151260504201681,9.96428571428571,82.8,-7.8622641509434,-84.6
67.1111111111111,88.2,0.472222222222222,4.87285714285714,56.7,-4.134375,-52.2
45.4175675675676,93.6,0.00810810810810811,6.59634146341463,81.9,-5.13428571428571,-70.2
24.8692307692308,47.7,0.0846153846153846,5.20851063829787,35.1,-4.99787234042553,-33.3
68.3433333333333,106.48,1.53987878787879,29.5219375,102.48,-24.7961764705882,-106.48
24.4270144927536,48.466,0.589855072463768,5.87145454545455,22.715,-3.53888,-16.595
43.9227186440678,100.69,0.00610169491525424,4.44135652173913,88.205,-4.54425,-90.878
12.5172413793103,41.4,0.0310344827586207,3.346875,25.2,-4.176,-41.4
22.7470588235294,50.4,0.0617647058823529,5.08378378378378,41.4,-4.545,-38.7
88.1763157894737,99.9,2.29736842105263,7.95,90,-3.4875,-9
61.8692307692308,87.3,2.05384615384615,17.325,82.8,-19.0285714285714,-71.1
75.7285714285714,91.8,3.94285714285714,13.8461538461538,83.7,-12.15,-77.4
2.268,4.5,0.072,1.44,2.7,-1.08,-1.8
59.06,79.2,1.48,24.8684210526316,78.3,-27.06,-79.2
45.4003448275862,82.8,0.00310344827586207,5.76302521008403,78.3,-5.75546218487395,-75.6
12.6303523809524,14.4,0.685714285714286,10.8,14.4,-14.4,-14.4
89.1065376344086,104.74,1.05337634408602,6.60516279069767,96.279,-5.47229411764706,-94.599
40.2136363636364,59.4,2.53636363636364,4.5,12.6,-1.2,-1.8
62.0608695652174,68.4,2.77826086956522,15.8,63.9,-13.05,-68.4
6.09473684210526,20.7,0.363157894736842,3.12,14.4,-2.9,-13.5
83.7482142857143,90,1.51071428571429,5.925,83.7,-3.2,-7.2
84.2294117647059,99.9,2.48823529411765,12.8117647058824,89.1,-8.88,-99.9
55.48125,90,0.1125,6.2,85.5,-4.61739130434783,-14.4
54.4429530201342,85.5,0.0604026845637584,5.00679611650485,80.1,-5.12448979591837,-85.5
5.71304347826087,11.7,0.0391304347826087,1.95,6.3,-1.54285714285714,-2.7
18.3818181818182,44.1,0.654545454545455,6.55714285714286,30.6,-8.775,-29.7
22.1238888888889,35.411,0.328044444444444,2.71713636363636,18,-2.04613636363636,-23.997
20.0067727272727,32.848,0.326363636363636,6.43126315789474,26.524,-4.90154545454546,-31.146
17.7407735849057,23.28,0.273094339622642,3.45790476190476,20.254,-2.00489655172414,-18.57
24.0701679487179,36.972,0.255948717948718,4.19827692307692,26.628,-3.99357777777778,-27.511
23.9157586206897,29.592,0.615172413793103,4.3178125,24.02,-4.65863636363636,-22.991
35.0846909090909,49.432,0.306363636363636,3.2496,16.85,-2.47653846153846,-18.913
47.3167692307692,58.818,0.150351648351648,2.02816666666667,21.951,-1.83335897435897,-12.731
9.07695454545455,19.309,0.125295454545455,3.2210125,15.893,-1.77012307692308,-5.0558
32.9376153846154,59.629,0.2038,5.28681818181818,52.857,-5.97103703703704,-58.858
22.32725,29.493,0.246191176470588,4.271125,29.253,-2.318,-21.775
13.0779555555556,19.828,0.440622222222222,1.50528965517241,19.603,-1.4890875,-19.116
28.8628939393939,46.21,0.0941515151515152,2.47565,11.193,-3.56969230769231,-12.1487
42.7860622047244,60.838,0.0129724409448819,4.11945161290323,41.343,-4.45190350877193,-47.588
37.8417157142857,56.907,0.119387142857143,3.39214285714286,52.488,-3.448996875,-51.159
9.0210875,13.005,0.1808875,1.27075882352941,8.0338,-1.0543,-4.4216
13.1762846153846,27.565,0.0415230769230769,1.73529411764706,13.162,-3.55255,-7.7415
44.179026984127,60.547,0.130439682539683,3.56762857142857,49.877,-4.32034444444444,-48.835
25.2631554054054,39.998,0.0199864864864865,3.91228205128205,35.078,-4.44411764705882,-39.998
17.299934375,25.266,0.227146875,3.71527857142857,13.648,-3.44193846153846,-7.787
15.2186428571429,23.614,0.57947619047619,1.74535714285714,5.9677,-2.4532,-4.057
37.8345586206897,50.893,0.318868965517241,4.54535714285714,26.78,-3.88484285714286,-10.118
46.0874734177215,66.604,0.0834911392405063,5.85095348837209,47.193,-6.80542222222222,-57.613
51.8019651685393,68.518,0.0205426966292135,2.2354347826087,13.42,-2.34887674418605,-12.638
36.2041315789474,59.263,0.368368421052632,7.77147619047619,59.263,-9.3251875,-58.657
23.976256043956,45.805,0.0472428571428571,4.50127692307692,25.674,-3.425014,-29.46
47.6261010526316,60.231,0.341852631578947,1.46745454545455,15.716,-1.20585,-13.519
33.142552,50.61,2.0244,3.1158,11.5,-3.70545,-8.8418
17.7446381818182,22.7,0.412727272727273,1.15092894736842,14.797,-1.23737058823529,-13.927
8.91551290322581,10.398,0.227677419354839,0.634688235294118,7.734,-0.26655,-1.4828
20.2687475434783,41.815,0.119021739130435,1.63249085185185,13.463,-2.03169752631579,-7.301
30.7451753258929,56.068,0.0318553571428571,1.76484325,16.139,-1.86402091509434,-14.263
19.3089,27.841,0.246066666666667,2.64457142857143,7.29,-3.11184,-9.127
20.3232083333333,30.459,0.75,6.1725,18,-3.64375,-23.584
24.732896969697,37.77,0.183866666666667,4.78573333333333,15.724,-3.86578823529412,-19.025
0.327604061315789,1.3668,1.21928947368441e-05,0.227253578947368,0.81144,-0.227229193157895,-0.63963
2.06463401652174,4.2073,0.127295652173913,1.09072966307692,2.098682,-1.125168562,-2.511282
14.0777484646465,28.225,0.154070707070707,1.6048345862069,6.264,-1.99557451282051,-7.992
35.5577905405405,48.979,0.0373898648648649,1.63084722222222,8.895,-1.47220131578947,-9.34
30.4868285714286,46.792,0.206821428571429,2.70980952380952,7.5017,-2.29616666666667,-10.014
17.3336363636364,29.921,0.215086363636364,2.65885909090909,7.6935,-2.22868636363636,-9.733
12.9073138461538,23.426,0.0651984615384615,2.15894722222222,6.5554,-2.53393793103448,-7.691
3.72123282413793,8.6759,0.000109565517241378,0.950250179310345,3.99045,-0.950031048275862,-6.28725
20.2687475434783,41.815,0.119021739130435,1.63249085185185,13.463,-2.03169752631579,-7.301
30.7451753258929,56.068,0.0318553571428571,1.76484325,16.139,-1.86402091509434,-14.263
19.3089,27.841,0.246066666666667,2.64457142857143,7.29,-3.11184,-9.127
20.3232083333333,30.459,0.75,6.1725,18,-3.64375,-23.584
24.732896969697,37.77,0.183866666666667,4.78573333333333,15.724,-3.86578823529412,-19.025
0.327604061315789,1.3668,1.21928947368441e-05,0.227253578947368,0.81144,-0.227229193157895,-0.63963
2.06463401652174,4.2073,0.127295652173913,1.09072966307692,2.098682,-1.125168562,-2.511282
14.0777484646465,28.225,0.154070707070707,1.6048345862069,6.264,-1.99557451282051,-7.992
35.5577905405405,48.979,0.0373898648648649,1.63084722222222,8.895,-1.47220131578947,-9.34
30.4868285714286,46.792,0.206821428571429,2.70980952380952,7.5017,-2.29616666666667,-10.014
17.3336363636364,29.921,0.215086363636364,2.65885909090909,7.6935,-2.22868636363636,-9.733
12.9073138461538,23.426,0.0651984615384615,2.15894722222222,6.5554,-2.53393793103448,-7.691
3.72123282413793,8.6759,0.000109565517241378,0.950250179310345,3.99045,-0.950031048275862,-6.28725
