mean_speed,max_speed,mean_aclr,mean_upaclr,max_upaclr,mean_downaclr,max_downaclr
4.29993184754883,6.46360154583842,0.0185925073409453,0.93983243721784,2.03800579483402,-1.07646636076528,-1.78249600586272
3.19560789436867,5.29181629725566,0.0145881244842894,1.57750385178763,2.64167263976809,-2.17274646702875,-3.26481336587761
3.90712785810448,7.39736424126878,0.0115668282215483,1.82415074333952,2.62464911523678,-0.6343327311784,-1.4861906973863
3.48683288442703,5.51093329238506,0.0128179935645312,1.3571384642109,1.9074660599766,-0.562910325343564,-1.32140024873226
4.94352538546798,7.11985040014395,0.0168135311407968,0.948996691525871,1.78290343175545,-1.37437306143581,-2.42847280862513
3.69477514202248,6.4341829006002,0.0198728968529031,0.958523323400153,1.72806239739454,-2.13069201865878,-3.16936382162098
2.50052911973225,3.52536132045688,0.0158032365748659,0.998823550270103,1.77613473438767,-1.29644078483078,-1.79941387061234
3.26094705618134,4.8860887510903,0.0190890564210713,1.3450687121192,1.89103184994888,-1.68939833873416,-2.28759690939448
3.10230395939837,5.14223028588279,0.0179000157653354,2.21628281653164,2.99659102433132,-1.77453658079332,-2.55710579994203
1.51076367308816,3.68796700527856,0.0170389922731556,1.20710611005997,1.98496441655079,-2.14502475254333,-3.22699821244089
3.45495259782652,6.2433179084666,0.016310048236046,1.04632667294962,1.55322947570847,-1.41812555397689,-2.15843460530802
2.41139626018516,3.75146423261425,0.0118807905190624,1.01048739866304,1.68728394123676,-1.30342473692824,-2.26558107764092
4.00936843766638,6.33978009302908,0.0113743453659117,1.80683664886435,2.76556434293432,-1.00115317476523,-1.85761591896956
2.76251666416508,5.38944807328378,0.0172913241875358,1.83994300177798,2.92660012497579,-1.64955122927026,-2.79576615495429
3.57292291576706,6.35741213402909,0.0176572563988157,1.22694833346895,2.33548680642407,-1.81226988209625,-2.76704171403059
3.30545959821475,4.79357479107139,0.0139116115542129,0.507306212583375,1.60687733269372,-1.570017463488,-2.66747963932106
3.72099327301038,6.00021257989937,0.0108996936841868,1.01583452735351,1.86825202729808,-0.763459308625453,-1.9174840392715
3.13299600587986,6.4945301389677,0.0137183228763752,0.737344873924163,1.46603902773408,-1.21480729772809,-1.91062252844783
3.32582640363494,5.32434547245161,0.015973022794351,0.929145038138694,1.67978193763326,-1.2989745947972,-1.94179471626151
2.83570040032291,4.536033969871,0.017025199807249,0.927390300444104,1.46698346392602,-0.752428234946219,-1.72154734548671
2.67844468033442,5.46385989167763,0.0128772026021034,1.74805826549302,2.94461228723987,-1.46874050417905,-2.01156108143264
2.66029488485619,5.38464463063828,0.0112740281457081,1.46288886132881,2.13529685747109,-1.56894710904131,-2.75244540585814
4.02913171226863,5.84520527486928,0.0187235181988217,0.622752704240127,1.12686305551485,-1.64583934982912,-2.6837469410817
1.94891321242056,5.17515701558176,0.0151973367598839,0.987273707356148,2.10618076161373,-1.28399743960674,-2.1410829108345
4.32482366327059,7.7933036211678,0.0190432624029927,0.509105574035326,1.37991593258759,-1.53647704115709,-2.53848422684813
3.75367457913246,4.78702271140657,0.0184617549763061,1.70112594007557,2.33856035580436,-0.61002868302061,-1.596176871959
4.53895730562164,7.4808886831359,0.018715245174244,1.74483924808129,2.77912443349752,-1.07853525325313,-1.96516236197326
3.05992180625105,4.81719169292261,0.017495779027231,2.08357176699001,2.76731248809747,-1.67718275259384,-2.44367198159588
1.62689796717084,2.96015918637338,0.0137376134796068,1.45688878403978,1.99476636663546,-1.66256830779123,-2.82012233818634
3.1722159147138,5.61097376061289,0.0183191183698364,1.20506459595435,1.87011702735708,-1.15001444706316,-2.16916333834263
1.85833637406632,3.38796590573202,0.0161844040569849,1.20583622581936,2.21988231065362,-0.700215943536409,-1.85853950046624
3.87655546913965,6.17281435222475,0.0128615001239814,0.630982003347701,1.15238916232319,-1.46863631828776,-2.29699928978546
2.00889292376908,5.08966316812533,0.0110798861924559,0.6469423267288,1.48209335226527,-1.29484417032155,-1.92869657712227
3.66283058754135,6.39206904808026,0.0108785991487093,1.18164966619123,2.04457306468875,-1.04348207875798,-1.71767822572207
3.87266299943929,6.2973926954486,0.0189601187151857,1.29644032020398,2.39303786069896,-0.800613029829741,-1.91226797671295
2.66828068263827,3.67086707835084,0.0162430007313378,1.34908999830142,2.36460163906805,-1.85234272796546,-2.45820313419566
3.89529267811502,6.80467053010414,0.0143892554682679,1.50991526442889,2.5185519073981,-2.26694162121087,-3.14073323629376
2.6720543810523,5.47181516961501,0.0161379508534446,0.654271565061566,1.30570383401172,-1.13527783439688,-1.68360578972108
2.75970066193712,4.28251199383975,0.0175226200278848,1.36683979319296,2.21691623312309,-0.729685189769145,-1.24462168005622
3.22064086857218,6.44361152864959,0.0185485478444025,0.651847544829375,1.47086961113849,-1.15006611580725,-2.07513730179749
3.5691749885089,7.02616733041287,0.0169645602651872,0.66525591015608,1.36715169048195,-0.858357143216922,-1.48948863304794
4.0007167262956,6.41295005183196,0.019314296185039,1.52520449525823,2.48346628273052,-0.675431408519082,-1.23028762382005
1.85831282217589,4.92727248649647,0.0128445530263707,0.900924556397841,2.04577928795294,-1.13886830718631,-1.82409571200052
3.23700015422704,5.05381401000826,0.0115339594893157,1.5605017879053,2.47327211010335,-1.050689472183,-2.23492337436822
3.99843758896457,5.89428942550438,0.0181245808489621,0.734978138073621,1.90126448934925,-1.24500601605817,-2.1375530657808
3.80642647532894,6.36349856729302,0.0188326298934408,1.81566992018003,2.61392342094428,-0.550068140636808,-1.23614870477622
3.80401113219412,6.92389631816039,0.0106945533608086,1.81034531084192,2.58106345344172,-1.03641681420636,-1.89115434499476
1.85894785520059,3.43897587306702,0.0180020874226466,0.842734821838726,1.91935480493068,-0.724797290308176,-1.52371189142648
3.5137250971826,5.58306988224706,0.0140741729387082,1.58129277665011,2.74478458164103,-0.561922375858382,-1.49502304152175
2.14312740201742,3.4057942233808,0.0159019754314795,0.717913429411549,1.83517387767364,-1.6882518709369,-2.58006127525233
2.43942476129787,5.83976123582734,0.0172662740526721,1.53742510465483,2.69588668601165,-0.737168318307844,-1.391983129545
3.62336866668864,6.77030730836066,0.0145224305987358,2.08250094625102,2.63096467457647,-1.37937291544909,-2.04926513643982
4.08933737939873,5.28091046501135,0.0192706396919675,1.35394749645899,2.03121990803453,-0.512433549715851,-1.10644025164721
2.55389385588602,5.83444825245202,0.0112173352250829,0.577197975433558,1.18139013955475,-1.14935151075164,-1.94639624051901
2.87402945936909,6.09792696701614,0.0154037752863951,0.672334584323938,1.72032260437055,-1.56210398560952,-2.64172269390993
2.25704040374695,3.84170047085354,0.0168822186533362,1.16581729259649,1.68947289965888,-1.35650332734965,-2.35250792740423
3.12288776574208,4.23032024035713,0.0132092468976043,1.40388467349298,2.33166554507519,-0.813916914850458,-1.88970243633816
2.48396600704349,4.89692733288451,0.0126077208481729,2.0701519089733,2.77012100652612,-1.75066402054309,-2.60985329072374
2.74024234928665,4.65498842981187,0.0101315679401159,1.811970627525,2.89239981747989,-1.12327085471225,-2.22757531845455
2.62486694665717,5.34633710881321,0.018827796371188,1.15013086207541,2.05560615100762,-1.2040079199611,-2.02123594089828
2.9000481739278,4.04519672152689,0.0118973905406892,1.42904716866483,2.23203691510876,-1.41585381428071,-2.52547241583292
3.23133053519556,4.46989336801485,0.0158694101893343,0.562527085097327,1.2935754616296,-0.602735845351396,-1.13886530390269
2.85323691512574,5.76758285209187,0.0107781686447561,0.755696655984094,1.76441355982056,-0.540915380164465,-1.58533616180294
2.24325093123565,5.0267447775413,0.0199649208947085,1.94920380048058,3.01814022827963,-0.531854868313881,-1.09977784907131
2.87661550913639,4.02921210297085,0.0177307588304393,1.57422483835092,2.1912493090071,-0.548398976177082,-1.56571264205045
3.70376528617113,4.84089389843053,0.014088983614929,1.82555429459004,2.58719740983485,-1.18691596861417,-1.87877101313742
3.71147673841173,6.01634534246827,0.0169861217425205,0.559723369244393,1.53884778211629,-1.37747708316632,-2.08288610418998
3.03768853294937,5.43638015525689,0.0197170859784819,0.662195846478408,1.16834278429667,-1.63089862655743,-2.52576946433528
2.60929087555838,5.61881873169319,0.0166342030023225,0.628877269459486,1.49629341739376,-2.08493998684676,-2.94808521108458
3.4484903378482,6.41890319998609,0.0143511417042464,0.934219768610877,2.06624046521271,-1.35667677220437,-2.32561132874354
3.87654398471842,6.81410607692579,0.0133172236382961,1.20052227872481,1.91153986126707,-0.597750048791706,-1.72282797257481
3.37584606196098,4.6524764931418,0.0107745152059942,2.03093206197243,3.22887075375054,-1.78597659619907,-2.45442754630847
2.60154683598218,4.03513606708863,0.0102757224300876,1.76871370400786,2.68285479913484,-1.25657384363908,-1.91444620334983
3.90416702047472,5.30067493721393,0.0116213726205751,1.05641325703975,1.66098826083973,-0.566063674470733,-1.09475197678092
2.4255355403316,4.44658845069583,0.0161254460830241,1.1971906598991,1.94160073344673,-0.852999248090669,-1.97882149495697
3.1926760336143,5.19827291767495,0.010853102398105,0.835712671312725,1.81049036824632,-1.26377715459707,-1.95994476327355
2.18520398396767,5.67681417968824,0.0198850224539638,1.88820854480306,2.54423030376362,-1.21659466683665,-2.32576499475432
2.56353063252556,4.76736948068521,0.0179606876638718,1.65557125909306,2.61569084783602,-0.732057625631535,-1.44173457198191
3.10672139334931,5.64938426092706,0.0129123118519783,0.78910539117573,1.65177432640853,-1.12006212350876,-1.64269879792315
2.77677653767119,5.45539851151357,0.0173317473987117,0.774671209668983,1.36179960609438,-1.81105560162843,-2.40176675506675
2.97718927685271,4.51172079695022,0.0136858721240424,2.18160938342441,2.84058635024227,-1.05580093330215,-2.10489707889943
2.60453907792817,5.30091324864316,0.0109229021938518,0.750010211248824,1.28362006132485,-0.921233617600005,-1.95776346553298
4.04948949985504,5.40259442487099,0.0199056885903701,0.742459252034474,1.67133804636558,-1.58908307113397,-2.66732004372115
2.14266986123984,4.24218450466869,0.0124649937893264,1.46102531859027,2.13525963727692,-1.22389209205666,-1.90651542782234
3.31325171343773,4.84852273509163,0.0140536495600827,0.762207337607429,1.89953223145454,-1.78092914082761,-2.70122977060917
1.70673014367292,4.23187578939194,0.0140339586674236,0.504659346652091,1.196495116989,-0.942276695140469,-1.77231434944814
2.34256100176425,3.36462609061563,0.0115796517534181,1.25817332438744,1.99360026001084,-0.749603503028535,-1.51313568248288
1.9437712655887,3.32520455182716,0.0130630209622905,1.28555179512026,2.15725413338645,-0.721866478385396,-1.44038119233306
1.94678173602246,4.96906395819191,0.0195159242418595,1.91667821424273,2.71614959862275,-0.774729712942276,-1.31360344924651
3.48565660219503,6.79576169874383,0.0171866264310665,0.759559368937439,1.29193732339346,-0.863307356501771,-1.57406222794003
4.89098396440281,6.10839096151071,0.0174594406993128,0.509369770712955,1.57985969190094,-0.936328573971871,-1.64959472602222
3.51928957347233,6.50262709455971,0.0121403092239052,0.553541134192829,1.23970899070821,-1.3799356953572,-2.45600719844042
2.89224935021552,4.53242882493719,0.014526971350424,0.641963454818906,1.27818388544823,-1.05317906174742,-1.70661365756233
2.79366709792442,3.96078527555723,0.0126777107617818,0.859200666890815,1.70121825772744,-0.852384704668397,-1.82588359226039
2.08246365765661,4.8115059694377,0.0152920516533777,1.29909551399173,2.44956355129247,-1.82680744608449,-2.90320863635796
2.66580745300847,3.73654831878479,0.0174868284445256,0.985363250123657,1.74789445764883,-0.772699158460427,-1.56206427464128
2.24690222589959,3.4933443172016,0.0198035352886654,0.90467431909082,2.08738349720979,-1.73129630963109,-2.28470606390643
3.3773163830651,5.29351336171608,0.0165713009098545,1.23294858149225,2.24737922937115,-1.26041242922757,-2.25310193507567
4.17164236499326,6.02826110535631,0.0198669939325191,0.943669251408522,1.7705797080976,-0.984888190473589,-2.04401898712401
2.58694722119773,4.97082739428671,0.015782015202567,1.6225142388578,2.26487965299482,-1.14313342188795,-2.20252086200595
